1517937999.77
1517938000.77
1517938001.77
1517938002.77
1517938003.77
1517938004.77
1517938005.77
1517938006.77
1517938007.77
1517938008.77
1517938009.77
1517938010.77
1517938011.77
1517938012.77
1517938013.77
1517938014.77
1517938015.77
1517938016.77
1517938017.77
1517938018.77
1517938019.77
1517938020.77
1517938021.77
1517938022.77
1517938023.77
1517938024.77
1517938025.77
1517938026.77
1517938027.77
1517938028.77
1517938029.77
1517938030.77
1517938031.77
1517938032.77
1517938033.77
1517938034.77
1517938035.77
1517938036.77
1517938037.77
1517938038.77
1517938039.77
1517938040.77
1517938041.77
1517938042.77
1517938043.77
1517938044.77
1517938045.77
1517938046.77
1517938047.77
1517938048.77
